{
 "cells": [
  {
   "attachments": {},
   "cell_type": "markdown",
   "metadata": {},
   "source": [
    "# Efficient Frontier\n",
    "### Pranay Jha"
   ]
  },
  {
   "cell_type": "code",
   "execution_count": 191,
   "metadata": {},
   "outputs": [],
   "source": [
    "import numpy as np\n",
    "import pandas as pd\n",
    "import plotly.express as px\n",
    "import matplotlib.pyplot as plt\n",
    "import yfinance as yf"
   ]
  },
  {
   "attachments": {},
   "cell_type": "markdown",
   "metadata": {},
   "source": [
    "Scraping returns data and computing daily returns"
   ]
  },
  {
   "cell_type": "code",
   "execution_count": 181,
   "metadata": {},
   "outputs": [
    {
     "data": {
      "text/html": [
       "<div>\n",
       "<style scoped>\n",
       "    .dataframe tbody tr th:only-of-type {\n",
       "        vertical-align: middle;\n",
       "    }\n",
       "\n",
       "    .dataframe tbody tr th {\n",
       "        vertical-align: top;\n",
       "    }\n",
       "\n",
       "    .dataframe thead th {\n",
       "        text-align: right;\n",
       "    }\n",
       "</style>\n",
       "<table border=\"1\" class=\"dataframe\">\n",
       "  <thead>\n",
       "    <tr style=\"text-align: right;\">\n",
       "      <th></th>\n",
       "      <th>NVDA</th>\n",
       "      <th>MSFT</th>\n",
       "      <th>AMZN</th>\n",
       "    </tr>\n",
       "    <tr>\n",
       "      <th>Date</th>\n",
       "      <th></th>\n",
       "      <th></th>\n",
       "      <th></th>\n",
       "    </tr>\n",
       "  </thead>\n",
       "  <tbody>\n",
       "    <tr>\n",
       "      <th>2022-04-08 00:00:00-04:00</th>\n",
       "      <td>-0.044985</td>\n",
       "      <td>-0.014600</td>\n",
       "      <td>-0.021067</td>\n",
       "    </tr>\n",
       "    <tr>\n",
       "      <th>2022-04-11 00:00:00-04:00</th>\n",
       "      <td>-0.051992</td>\n",
       "      <td>-0.039432</td>\n",
       "      <td>-0.021614</td>\n",
       "    </tr>\n",
       "    <tr>\n",
       "      <th>2022-04-12 00:00:00-04:00</th>\n",
       "      <td>-0.018844</td>\n",
       "      <td>-0.011218</td>\n",
       "      <td>-0.002213</td>\n",
       "    </tr>\n",
       "    <tr>\n",
       "      <th>2022-04-13 00:00:00-04:00</th>\n",
       "      <td>0.032506</td>\n",
       "      <td>0.019712</td>\n",
       "      <td>0.031524</td>\n",
       "    </tr>\n",
       "    <tr>\n",
       "      <th>2022-04-14 00:00:00-04:00</th>\n",
       "      <td>-0.042562</td>\n",
       "      <td>-0.027084</td>\n",
       "      <td>-0.024653</td>\n",
       "    </tr>\n",
       "    <tr>\n",
       "      <th>...</th>\n",
       "      <td>...</td>\n",
       "      <td>...</td>\n",
       "      <td>...</td>\n",
       "    </tr>\n",
       "    <tr>\n",
       "      <th>2023-03-31 00:00:00-04:00</th>\n",
       "      <td>0.014388</td>\n",
       "      <td>0.014962</td>\n",
       "      <td>0.012647</td>\n",
       "    </tr>\n",
       "    <tr>\n",
       "      <th>2023-04-03 00:00:00-04:00</th>\n",
       "      <td>0.006768</td>\n",
       "      <td>-0.003711</td>\n",
       "      <td>-0.008520</td>\n",
       "    </tr>\n",
       "    <tr>\n",
       "      <th>2023-04-04 00:00:00-04:00</th>\n",
       "      <td>-0.018309</td>\n",
       "      <td>-0.000174</td>\n",
       "      <td>0.015038</td>\n",
       "    </tr>\n",
       "    <tr>\n",
       "      <th>2023-04-05 00:00:00-04:00</th>\n",
       "      <td>-0.020836</td>\n",
       "      <td>-0.009889</td>\n",
       "      <td>-0.027417</td>\n",
       "    </tr>\n",
       "    <tr>\n",
       "      <th>2023-04-06 00:00:00-04:00</th>\n",
       "      <td>0.005803</td>\n",
       "      <td>0.025533</td>\n",
       "      <td>0.009496</td>\n",
       "    </tr>\n",
       "  </tbody>\n",
       "</table>\n",
       "<p>250 rows × 3 columns</p>\n",
       "</div>"
      ],
      "text/plain": [
       "                               NVDA      MSFT      AMZN\n",
       "Date                                                   \n",
       "2022-04-08 00:00:00-04:00 -0.044985 -0.014600 -0.021067\n",
       "2022-04-11 00:00:00-04:00 -0.051992 -0.039432 -0.021614\n",
       "2022-04-12 00:00:00-04:00 -0.018844 -0.011218 -0.002213\n",
       "2022-04-13 00:00:00-04:00  0.032506  0.019712  0.031524\n",
       "2022-04-14 00:00:00-04:00 -0.042562 -0.027084 -0.024653\n",
       "...                             ...       ...       ...\n",
       "2023-03-31 00:00:00-04:00  0.014388  0.014962  0.012647\n",
       "2023-04-03 00:00:00-04:00  0.006768 -0.003711 -0.008520\n",
       "2023-04-04 00:00:00-04:00 -0.018309 -0.000174  0.015038\n",
       "2023-04-05 00:00:00-04:00 -0.020836 -0.009889 -0.027417\n",
       "2023-04-06 00:00:00-04:00  0.005803  0.025533  0.009496\n",
       "\n",
       "[250 rows x 3 columns]"
      ]
     },
     "execution_count": 181,
     "metadata": {},
     "output_type": "execute_result"
    }
   ],
   "source": [
    "tickers = ['NVDA', 'MSFT', 'AMZN']\n",
    "returns = {}\n",
    "for ticker in tickers:\n",
    "    returns[ticker] = yf.Ticker(ticker)\\\n",
    "                        .history(period='1y')['Close']\\\n",
    "                        .pct_change()\\\n",
    "                        .dropna()\n",
    "df_returns = pd.DataFrame(returns)\n",
    "df_returns"
   ]
  },
  {
   "attachments": {},
   "cell_type": "markdown",
   "metadata": {},
   "source": [
    "Returns statistics"
   ]
  },
  {
   "cell_type": "code",
   "execution_count": 182,
   "metadata": {},
   "outputs": [
    {
     "data": {
      "text/html": [
       "<div>\n",
       "<style scoped>\n",
       "    .dataframe tbody tr th:only-of-type {\n",
       "        vertical-align: middle;\n",
       "    }\n",
       "\n",
       "    .dataframe tbody tr th {\n",
       "        vertical-align: top;\n",
       "    }\n",
       "\n",
       "    .dataframe thead th {\n",
       "        text-align: right;\n",
       "    }\n",
       "</style>\n",
       "<table border=\"1\" class=\"dataframe\">\n",
       "  <thead>\n",
       "    <tr style=\"text-align: right;\">\n",
       "      <th></th>\n",
       "      <th>E[r]</th>\n",
       "      <th>Var[r]</th>\n",
       "      <th>σ</th>\n",
       "      <th>E[r]/σ</th>\n",
       "    </tr>\n",
       "  </thead>\n",
       "  <tbody>\n",
       "    <tr>\n",
       "      <th>NVDA</th>\n",
       "      <td>0.001174</td>\n",
       "      <td>0.001468</td>\n",
       "      <td>0.038313</td>\n",
       "      <td>0.030631</td>\n",
       "    </tr>\n",
       "    <tr>\n",
       "      <th>MSFT</th>\n",
       "      <td>0.000146</td>\n",
       "      <td>0.000481</td>\n",
       "      <td>0.021921</td>\n",
       "      <td>0.006676</td>\n",
       "    </tr>\n",
       "    <tr>\n",
       "      <th>AMZN</th>\n",
       "      <td>-0.001283</td>\n",
       "      <td>0.000915</td>\n",
       "      <td>0.030256</td>\n",
       "      <td>-0.042400</td>\n",
       "    </tr>\n",
       "  </tbody>\n",
       "</table>\n",
       "</div>"
      ],
      "text/plain": [
       "          E[r]    Var[r]         σ    E[r]/σ\n",
       "NVDA  0.001174  0.001468  0.038313  0.030631\n",
       "MSFT  0.000146  0.000481  0.021921  0.006676\n",
       "AMZN -0.001283  0.000915  0.030256 -0.042400"
      ]
     },
     "execution_count": 182,
     "metadata": {},
     "output_type": "execute_result"
    }
   ],
   "source": [
    "stats = {\n",
    "    \"E[r]\": df_returns.mean(),\n",
    "    \"Var[r]\": df_returns.var(),\n",
    "    \"\\u03C3\": df_returns.std(),\n",
    "    \"E[r]/\\u03C3\": df_returns.mean() / df_returns.std()\n",
    "}\n",
    "df_stats = pd.DataFrame(stats)\n",
    "df_stats"
   ]
  },
  {
   "attachments": {},
   "cell_type": "markdown",
   "metadata": {},
   "source": [
    "Computing variance-covariance matrix of a given set of series\n",
    "$$\\Sigma = \\frac{\\mathbf{X^T X}}{n - 1}$$"
   ]
  },
  {
   "cell_type": "code",
   "execution_count": 183,
   "metadata": {},
   "outputs": [],
   "source": [
    "def var_cov(X):\n",
    "    n = len(X)\n",
    "    return np.matmul(X.T, X)/(n - 1)"
   ]
  },
  {
   "attachments": {},
   "cell_type": "markdown",
   "metadata": {},
   "source": [
    "Variance-covariance matrix of daily returns"
   ]
  },
  {
   "cell_type": "code",
   "execution_count": 184,
   "metadata": {},
   "outputs": [
    {
     "data": {
      "text/plain": [
       "array([[0.0014693 , 0.00062324, 0.00080072],\n",
       "       [0.00062324, 0.00048056, 0.00050045],\n",
       "       [0.00080072, 0.00050045, 0.0009171 ]])"
      ]
     },
     "execution_count": 184,
     "metadata": {},
     "output_type": "execute_result"
    }
   ],
   "source": [
    "X = df_returns.to_numpy()\n",
    "vc = var_cov(X)\n",
    "vc"
   ]
  },
  {
   "attachments": {},
   "cell_type": "markdown",
   "metadata": {},
   "source": [
    "Computing portfolio statistics given weights, expected returns, and variance-covariance matrix\n",
    "$$E[r]_p = \\mathbf{w_p} \\cdot \\mathbf{r}$$\n",
    "$$\\sigma_p = \\left(\\mathbf{w \\Sigma w^T}\\right)^{\\frac{1}{2}}$$"
   ]
  },
  {
   "cell_type": "code",
   "execution_count": 185,
   "metadata": {},
   "outputs": [],
   "source": [
    "def port_stats(w, r, vc):\n",
    "    er_p = np.dot(w, r)\n",
    "    stddev_p = np.matmul(np.matmul(w, vc), w.T)**(1/2)\n",
    "    return er_p, stddev_p"
   ]
  },
  {
   "attachments": {},
   "cell_type": "markdown",
   "metadata": {},
   "source": [
    "Equally-weighted portfolio statistics"
   ]
  },
  {
   "cell_type": "code",
   "execution_count": 186,
   "metadata": {},
   "outputs": [
    {
     "name": "stdout",
     "output_type": "stream",
     "text": [
      "E[r]: 1.2352411808405088e-05\n",
      "σ: 0.02731663809062552\n",
      "E[r]/σ: 0.0004521937058076033\n"
     ]
    }
   ],
   "source": [
    "w_eq = np.full(len(tickers), 1/len(tickers))\n",
    "er_eq, stddev_eq = port_stats(w_eq, df_stats['E[r]'], vc)\n",
    "print(\"E[r]: \" + str(er_eq))\n",
    "print(\"\\u03C3: \" + str(stddev_eq))\n",
    "print(\"E[r]/\\u03C3: \" + str(er_eq/stddev_eq))"
   ]
  },
  {
   "attachments": {},
   "cell_type": "markdown",
   "metadata": {},
   "source": [
    "Monte Carlo simulation to construct Markowitz bullet using randomized weights"
   ]
  },
  {
   "cell_type": "code",
   "execution_count": 187,
   "metadata": {},
   "outputs": [
    {
     "data": {
      "text/html": [
       "<div>\n",
       "<style scoped>\n",
       "    .dataframe tbody tr th:only-of-type {\n",
       "        vertical-align: middle;\n",
       "    }\n",
       "\n",
       "    .dataframe tbody tr th {\n",
       "        vertical-align: top;\n",
       "    }\n",
       "\n",
       "    .dataframe thead th {\n",
       "        text-align: right;\n",
       "    }\n",
       "</style>\n",
       "<table border=\"1\" class=\"dataframe\">\n",
       "  <thead>\n",
       "    <tr style=\"text-align: right;\">\n",
       "      <th></th>\n",
       "      <th>NVDA</th>\n",
       "      <th>MSFT</th>\n",
       "      <th>AMZN</th>\n",
       "      <th>E[r]</th>\n",
       "      <th>σ</th>\n",
       "      <th>E[r]/σ</th>\n",
       "    </tr>\n",
       "  </thead>\n",
       "  <tbody>\n",
       "    <tr>\n",
       "      <th>0</th>\n",
       "      <td>0.130359</td>\n",
       "      <td>0.634663</td>\n",
       "      <td>0.234978</td>\n",
       "      <td>-0.000056</td>\n",
       "      <td>0.023888</td>\n",
       "      <td>-0.002327</td>\n",
       "    </tr>\n",
       "    <tr>\n",
       "      <th>1</th>\n",
       "      <td>0.522956</td>\n",
       "      <td>0.241686</td>\n",
       "      <td>0.235358</td>\n",
       "      <td>0.000347</td>\n",
       "      <td>0.029871</td>\n",
       "      <td>0.011622</td>\n",
       "    </tr>\n",
       "    <tr>\n",
       "      <th>2</th>\n",
       "      <td>0.200955</td>\n",
       "      <td>0.380982</td>\n",
       "      <td>0.418062</td>\n",
       "      <td>-0.000245</td>\n",
       "      <td>0.026053</td>\n",
       "      <td>-0.009393</td>\n",
       "    </tr>\n",
       "    <tr>\n",
       "      <th>3</th>\n",
       "      <td>0.742242</td>\n",
       "      <td>0.050144</td>\n",
       "      <td>0.207614</td>\n",
       "      <td>0.000612</td>\n",
       "      <td>0.033968</td>\n",
       "      <td>0.018019</td>\n",
       "    </tr>\n",
       "    <tr>\n",
       "      <th>4</th>\n",
       "      <td>0.414621</td>\n",
       "      <td>0.548192</td>\n",
       "      <td>0.037187</td>\n",
       "      <td>0.000519</td>\n",
       "      <td>0.026957</td>\n",
       "      <td>0.019257</td>\n",
       "    </tr>\n",
       "    <tr>\n",
       "      <th>...</th>\n",
       "      <td>...</td>\n",
       "      <td>...</td>\n",
       "      <td>...</td>\n",
       "      <td>...</td>\n",
       "      <td>...</td>\n",
       "      <td>...</td>\n",
       "    </tr>\n",
       "    <tr>\n",
       "      <th>2495</th>\n",
       "      <td>0.240704</td>\n",
       "      <td>0.268100</td>\n",
       "      <td>0.491196</td>\n",
       "      <td>-0.000308</td>\n",
       "      <td>0.027249</td>\n",
       "      <td>-0.011318</td>\n",
       "    </tr>\n",
       "    <tr>\n",
       "      <th>2496</th>\n",
       "      <td>0.459096</td>\n",
       "      <td>0.450230</td>\n",
       "      <td>0.090674</td>\n",
       "      <td>0.000488</td>\n",
       "      <td>0.027925</td>\n",
       "      <td>0.017488</td>\n",
       "    </tr>\n",
       "    <tr>\n",
       "      <th>2497</th>\n",
       "      <td>0.269501</td>\n",
       "      <td>0.300607</td>\n",
       "      <td>0.429892</td>\n",
       "      <td>-0.000191</td>\n",
       "      <td>0.027120</td>\n",
       "      <td>-0.007051</td>\n",
       "    </tr>\n",
       "    <tr>\n",
       "      <th>2498</th>\n",
       "      <td>0.485537</td>\n",
       "      <td>0.346095</td>\n",
       "      <td>0.168368</td>\n",
       "      <td>0.000404</td>\n",
       "      <td>0.028786</td>\n",
       "      <td>0.014051</td>\n",
       "    </tr>\n",
       "    <tr>\n",
       "      <th>2499</th>\n",
       "      <td>0.129057</td>\n",
       "      <td>0.397322</td>\n",
       "      <td>0.473621</td>\n",
       "      <td>-0.000398</td>\n",
       "      <td>0.025617</td>\n",
       "      <td>-0.015536</td>\n",
       "    </tr>\n",
       "  </tbody>\n",
       "</table>\n",
       "<p>2500 rows × 6 columns</p>\n",
       "</div>"
      ],
      "text/plain": [
       "          NVDA      MSFT      AMZN      E[r]         σ    E[r]/σ\n",
       "0     0.130359  0.634663  0.234978 -0.000056  0.023888 -0.002327\n",
       "1     0.522956  0.241686  0.235358  0.000347  0.029871  0.011622\n",
       "2     0.200955  0.380982  0.418062 -0.000245  0.026053 -0.009393\n",
       "3     0.742242  0.050144  0.207614  0.000612  0.033968  0.018019\n",
       "4     0.414621  0.548192  0.037187  0.000519  0.026957  0.019257\n",
       "...        ...       ...       ...       ...       ...       ...\n",
       "2495  0.240704  0.268100  0.491196 -0.000308  0.027249 -0.011318\n",
       "2496  0.459096  0.450230  0.090674  0.000488  0.027925  0.017488\n",
       "2497  0.269501  0.300607  0.429892 -0.000191  0.027120 -0.007051\n",
       "2498  0.485537  0.346095  0.168368  0.000404  0.028786  0.014051\n",
       "2499  0.129057  0.397322  0.473621 -0.000398  0.025617 -0.015536\n",
       "\n",
       "[2500 rows x 6 columns]"
      ]
     },
     "execution_count": 187,
     "metadata": {},
     "output_type": "execute_result"
    }
   ],
   "source": [
    "n = 2500\n",
    "ports = {}\n",
    "for ticker in tickers:\n",
    "    ports[ticker] = np.empty(n)\n",
    "ports['E[r]'] = np.empty(n)\n",
    "ports['\\u03C3'] = np.empty(n)\n",
    "ports['E[r]/\\u03C3'] = np.empty(n)\n",
    "\n",
    "for i in range(n):\n",
    "    rand_nums = np.random.rand(len(tickers))\n",
    "    w_rand = rand_nums / rand_nums.sum()\n",
    "    ports['E[r]'][i], ports['\\u03C3'][i] = port_stats(w_rand, df_stats['E[r]'], vc)\n",
    "    ports['E[r]/\\u03C3'][i] = ports['E[r]'][i] / ports['\\u03C3'][i]\n",
    "    for j, ticker in enumerate(tickers):\n",
    "        ports[ticker][i] = w_rand[j]\n",
    "df_ports = pd.DataFrame(ports)\n",
    "df_ports"
   ]
  },
  {
   "attachments": {},
   "cell_type": "markdown",
   "metadata": {},
   "source": [
    "Plotting Markowitz bullet"
   ]
  },
  {
   "cell_type": "code",
   "execution_count": 188,
   "metadata": {},
   "outputs": [
    {
     "data": {
      "application/vnd.plotly.v1+json": {
       "config": {
        "plotlyServerURL": "https://plot.ly"
       },
       "data": [
        {
         "customdata": [
          [
           0.1303592431938537,
           0.6346631488582546,
           0.23497760794789177
          ],
          [
           0.522955855293902,
           0.24168566769735328,
           0.2353584770087447
          ],
          [
           0.20095547517477336,
           0.38098220045440595,
           0.41806232437082064
          ],
          [
           0.7422417383054569,
           0.05014386695057535,
           0.20761439474396778
          ],
          [
           0.41462102474156887,
           0.5481920824240699,
           0.03718689283436119
          ],
          [
           0.511914128983154,
           0.10679562629318773,
           0.3812902447236583
          ],
          [
           0.14763151248798603,
           0.3883509510049607,
           0.4640175365070533
          ],
          [
           0.27258908669951226,
           0.7059432253824783,
           0.02146768791800938
          ],
          [
           0.3828682606785797,
           0.22212287940027559,
           0.39500885992114465
          ],
          [
           0.2683117795534023,
           0.3258963882193685,
           0.40579183222722925
          ],
          [
           0.09442261971830675,
           0.8486459006854894,
           0.05693147959620381
          ],
          [
           0.39721000282632674,
           0.1684070342148677,
           0.4343829629588057
          ],
          [
           0.45321423410130746,
           0.5287478486660613,
           0.018037917232631203
          ],
          [
           0.7784026240049945,
           0.0134840615592323,
           0.20811331443577322
          ],
          [
           0.0010758415657137381,
           0.32062954788357284,
           0.6782946105507134
          ],
          [
           0.12853612711955098,
           0.34065653377432065,
           0.5308073391061284
          ],
          [
           0.3745788472211628,
           0.07723360083451583,
           0.5481875519443213
          ],
          [
           0.44336391716090356,
           0.4548085223092646,
           0.10182756052983191
          ],
          [
           0.44942442019305157,
           0.27121274341474216,
           0.2793628363922062
          ],
          [
           0.24632820820498333,
           0.19105158135167086,
           0.5626202104433458
          ],
          [
           0.34494475519601353,
           0.3668236079686658,
           0.28823163683532055
          ],
          [
           0.4359273977019653,
           0.30626089236121745,
           0.2578117099368172
          ],
          [
           0.2691292256398463,
           0.045776657824359974,
           0.6850941165357938
          ],
          [
           0.2702901668983633,
           0.44906010241773964,
           0.2806497306838971
          ],
          [
           0.35276470845989544,
           0.42037508460626904,
           0.22686020693383555
          ],
          [
           0.011392416221378076,
           0.2943716851975558,
           0.6942358985810662
          ],
          [
           0.35378341075293607,
           0.22429113079369348,
           0.42192545845337043
          ],
          [
           0.11806082484633532,
           0.5351301817661962,
           0.3468089933874685
          ],
          [
           0.38336436950714947,
           0.1223470936980164,
           0.4942885367948341
          ],
          [
           0.2051702025173943,
           0.4068334535747498,
           0.3879963439078559
          ],
          [
           0.2769888988515455,
           0.4842986836926102,
           0.2387124174558443
          ],
          [
           0.4898757073861961,
           0.31918185802390503,
           0.19094243458989887
          ],
          [
           0.3582108927901108,
           0.21997220773642293,
           0.42181689947346623
          ],
          [
           0.3270820452092741,
           0.5333040276512054,
           0.13961392713952062
          ],
          [
           0.5056358122885368,
           0.35050514576865804,
           0.14385904194280513
          ],
          [
           0.8198474939658446,
           0.07704138156215386,
           0.10311112447200159
          ],
          [
           0.5352013813809677,
           0.37574622529762525,
           0.08905239332140708
          ],
          [
           0.04912353761129253,
           0.3322979694726839,
           0.6185784929160236
          ],
          [
           0.8318724454679773,
           0.11612382998185354,
           0.0520037245501692
          ],
          [
           0.6579760479771614,
           0.21491262550691226,
           0.12711132651592644
          ],
          [
           0.10513052180104147,
           0.2359196198649339,
           0.6589498583340246
          ],
          [
           0.2292194829543104,
           0.7470312794529618,
           0.023749237592727828
          ],
          [
           0.05605225876878144,
           0.5697641330296456,
           0.37418360820157304
          ],
          [
           0.44745695963424664,
           0.23822301618764746,
           0.3143200241781059
          ],
          [
           0.002382995747804002,
           0.1266861181696851,
           0.8709308860825108
          ],
          [
           0.3176391234125484,
           0.23349630305315996,
           0.4488645735342917
          ],
          [
           0.2991617693434154,
           0.5559295072974925,
           0.14490872335909213
          ],
          [
           0.23344014292765808,
           0.237849488080786,
           0.5287103689915559
          ],
          [
           0.040528017319607264,
           0.4769128797475014,
           0.4825591029328913
          ],
          [
           0.8820776464602383,
           0.0888986050090023,
           0.029023748530759393
          ],
          [
           0.25917112341452603,
           0.5181090529929445,
           0.22271982359252943
          ],
          [
           0.06908340898305074,
           0.7699989650454373,
           0.16091762597151202
          ],
          [
           0.46750724931785365,
           0.12227793990014148,
           0.41021481078200495
          ],
          [
           0.1975845671382539,
           0.6198744137647851,
           0.18254101909696077
          ],
          [
           0.38204125670173067,
           0.029543239313723026,
           0.5884155039845462
          ],
          [
           0.23391868254327308,
           0.3368694299677318,
           0.4292118874889952
          ],
          [
           0.16099910062687015,
           0.5436632047663041,
           0.29533769460682563
          ],
          [
           0.04015126626888947,
           0.49526456622997495,
           0.4645841675011357
          ],
          [
           0.28991999137155,
           0.5075511000628041,
           0.20252890856564598
          ],
          [
           0.6107067861872866,
           0.3653828078764284,
           0.023910405936284934
          ],
          [
           0.25706037532196707,
           0.36142800138123243,
           0.3815116232968005
          ],
          [
           0.32431054750762656,
           0.5191697756000746,
           0.15651967689229881
          ],
          [
           0.1999032388679065,
           0.3466398114273816,
           0.45345694970471184
          ],
          [
           0.3747060840196532,
           0.49743046470053487,
           0.1278634512798119
          ],
          [
           0.23516595171366594,
           0.38765103700527004,
           0.3771830112810641
          ],
          [
           0.5076799194464011,
           0.43893968354907686,
           0.05338039700452199
          ],
          [
           0.4557270445521677,
           0.4955807133690944,
           0.04869224207873777
          ],
          [
           0.29085883714338134,
           0.3273831448556919,
           0.38175801800092657
          ],
          [
           0.23095325568583974,
           0.28007410836788765,
           0.48897263594627266
          ],
          [
           0.4875286815876744,
           0.0023324296794723755,
           0.5101388887328533
          ],
          [
           0.3678514587047677,
           0.11851228248767551,
           0.5136362588075568
          ],
          [
           0.27025140757640287,
           0.6542623618183623,
           0.0754862306052349
          ],
          [
           0.5678570826454359,
           0.1864083282960553,
           0.24573458905850892
          ],
          [
           0.3118053038064066,
           0.4737528225522591,
           0.21444187364133432
          ],
          [
           0.3330461778073366,
           0.4982513704730473,
           0.16870245171961598
          ],
          [
           0.3849044593017333,
           0.2832719959563446,
           0.3318235447419221
          ],
          [
           0.28751754577551447,
           0.3521449159131324,
           0.3603375383113531
          ],
          [
           0.030048029112259848,
           0.4746257532975188,
           0.49532621759022133
          ],
          [
           0.17311057625033413,
           0.3861946222661922,
           0.44069480148347373
          ],
          [
           0.10604064767347597,
           0.22279302181545088,
           0.6711663305110731
          ],
          [
           0.2932258275303851,
           0.28298104631706283,
           0.42379312615255194
          ],
          [
           0.27573106567104827,
           0.4627544410142054,
           0.2615144933147463
          ],
          [
           0.2617755868702376,
           0.2745319044464443,
           0.463692508683318
          ],
          [
           0.33011362294357927,
           0.09948067826830703,
           0.5704056987881138
          ],
          [
           0.5390935942681967,
           0.20935079164355672,
           0.2515556140882465
          ],
          [
           0.48218240535744955,
           0.16556524818289445,
           0.3522523464596561
          ],
          [
           0.25494683384722566,
           0.30262613842752395,
           0.4424270277252505
          ],
          [
           0.21400377135705542,
           0.09728320576272619,
           0.6887130228802185
          ],
          [
           0.3728099906855785,
           0.47760755816915856,
           0.14958245114526295
          ],
          [
           0.4919959571664877,
           0.30748583394944645,
           0.20051820888406593
          ],
          [
           0.5288445403578844,
           0.1463979566773347,
           0.3247575029647809
          ],
          [
           0.42119825308042513,
           0.1181020080389118,
           0.4606997388806631
          ],
          [
           0.17227655273362735,
           0.4334069786359611,
           0.3943164686304115
          ],
          [
           0.22732424804371948,
           0.36783923413102143,
           0.4048365178252592
          ],
          [
           0.45657121827767916,
           0.529990454337121,
           0.01343832738519995
          ],
          [
           0.37626064808877235,
           0.40706831344380207,
           0.21667103846742553
          ],
          [
           0.3028982774131861,
           0.352521766729244,
           0.34457995585756995
          ],
          [
           0.3294846169591156,
           0.3132614067766304,
           0.35725397626425415
          ],
          [
           0.35311683427630286,
           0.4121809339883049,
           0.23470223173539237
          ],
          [
           0.13615849608476388,
           0.4825512562700164,
           0.38129024764521974
          ],
          [
           0.42601562453909725,
           0.49457069020979133,
           0.07941368525111135
          ],
          [
           0.6605946067060628,
           0.07101559632090942,
           0.2683897969730276
          ],
          [
           0.39010984012781375,
           0.4796963387812319,
           0.13019382109095426
          ],
          [
           0.0069834515038349095,
           0.1841013870198762,
           0.808915161476289
          ],
          [
           0.40653408906681854,
           0.2760966250696828,
           0.3173692858634987
          ],
          [
           0.38146810588837443,
           0.395644577501937,
           0.2228873166096886
          ],
          [
           0.35754490554759416,
           0.3356139252049109,
           0.3068411692474949
          ],
          [
           0.4326638762886845,
           0.15788498421975414,
           0.4094511394915613
          ],
          [
           0.17410273228530515,
           0.21191840166712092,
           0.613978866047574
          ],
          [
           0.4526854559020071,
           0.06592751154370523,
           0.48138703255428766
          ],
          [
           0.17052262858439282,
           0.5095409218582958,
           0.3199364495573114
          ],
          [
           0.4866142380710267,
           0.42663100710501567,
           0.08675475482395761
          ],
          [
           0.7062881815852076,
           0.18067588680554605,
           0.11303593160924649
          ],
          [
           0.4956991504445718,
           0.18698440687087312,
           0.3173164426845551
          ],
          [
           0.011197334888449267,
           0.6766999904671872,
           0.3121026746443635
          ],
          [
           0.6916697086337885,
           0.15388825920321803,
           0.1544420321629935
          ],
          [
           0.01000340248358207,
           0.36878005594637453,
           0.6212165415700435
          ],
          [
           0.44072974730924724,
           0.472827551022101,
           0.08644270166865174
          ],
          [
           0.049183755639635326,
           0.45245189554139753,
           0.49836434881896713
          ],
          [
           0.4267607548145852,
           0.3419408335706828,
           0.2312984116147321
          ],
          [
           0.14550965275406474,
           0.7683564607219433,
           0.08613388652399198
          ],
          [
           0.5170446566497504,
           0.2609169402618616,
           0.222038403088388
          ],
          [
           0.24394301050885436,
           0.34267384974939374,
           0.4133831397417519
          ],
          [
           0.4947906387590817,
           0.3895708925678376,
           0.11563846867308067
          ],
          [
           0.3554762128482187,
           0.34920796098195706,
           0.29531582616982427
          ],
          [
           0.10413480001897886,
           0.7975349887298274,
           0.09833021125119362
          ],
          [
           0.46062101934444155,
           0.0226100181710316,
           0.5167689624845269
          ],
          [
           0.42645069726142565,
           0.5350482259376745,
           0.03850107680089987
          ],
          [
           0.34687248062902176,
           0.32552774549696367,
           0.3275997738740147
          ],
          [
           0.2709690978513777,
           0.37921282152388913,
           0.34981808062473324
          ],
          [
           0.16942224137264453,
           0.42351687712292896,
           0.40706088150442654
          ],
          [
           0.25431064647787016,
           0.5694819192097695,
           0.17620743431236036
          ],
          [
           0.2911382709322142,
           0.41479879165015754,
           0.29406293741762835
          ],
          [
           0.5192197751692417,
           0.2007949698508834,
           0.27998525497987514
          ],
          [
           0.7313224018023233,
           0.13997770795211656,
           0.12869989024556
          ],
          [
           0.4062937288972532,
           0.3477910570219794,
           0.24591521408076758
          ],
          [
           0.2939999249888096,
           0.3231276900363725,
           0.38287238497481785
          ],
          [
           0.29148284766324145,
           0.2334808048985677,
           0.47503634743819084
          ],
          [
           0.6086717236694283,
           0.07243830923663479,
           0.31888996709393685
          ],
          [
           0.3971702337241289,
           0.45082445594636567,
           0.15200531032950523
          ],
          [
           0.46060017765891603,
           0.002231633724848089,
           0.5371681886162358
          ],
          [
           0.4225672015104327,
           0.28131416757007655,
           0.29611863091949064
          ],
          [
           0.4307630230584593,
           0.21273074642776182,
           0.3565062305137788
          ],
          [
           0.33807165153189245,
           0.1428545242618071,
           0.5190738242063005
          ],
          [
           0.21514839302493977,
           0.4701286628972163,
           0.314722944077844
          ],
          [
           0.32175270538498435,
           0.34719582470986177,
           0.33105146990515394
          ],
          [
           0.05461565187989733,
           0.5119027567599853,
           0.4334815913601175
          ],
          [
           0.2827215499045533,
           0.47137527001208634,
           0.24590318008336037
          ],
          [
           0.40724068442411715,
           0.35809862075342147,
           0.2346606948224614
          ],
          [
           0.42285646389992837,
           0.3581051457494223,
           0.21903839035064931
          ],
          [
           0.401546528392657,
           0.023906283659023524,
           0.5745471879483195
          ],
          [
           0.416266500579118,
           0.2202393984833967,
           0.3634941009374853
          ],
          [
           0.3615524831426784,
           0.02171850912931103,
           0.6167290077280105
          ],
          [
           0.24666780368679686,
           0.20477000333819467,
           0.5485621929750084
          ],
          [
           0.40839558072552995,
           0.19605479489009026,
           0.3955496243843797
          ],
          [
           0.3158279955607043,
           0.33918255395298336,
           0.34498945048631235
          ],
          [
           0.33880491999216417,
           0.5364330016961735,
           0.12476207831166243
          ],
          [
           0.08709174757109088,
           0.8577640235128953,
           0.0551442289160139
          ],
          [
           0.3510426901017677,
           0.14177356207151456,
           0.5071837478267178
          ],
          [
           0.18210312603125808,
           0.3763360522624908,
           0.4415608217062511
          ],
          [
           0.5764177155779027,
           0.26423308053012645,
           0.1593492038919709
          ],
          [
           0.31855203261984144,
           0.3653210885826099,
           0.3161268787975485
          ],
          [
           0.23274793768277924,
           0.40246624473590115,
           0.36478581758131956
          ],
          [
           0.007607047051558474,
           0.1891762536303921,
           0.8032166993180494
          ],
          [
           0.7511022466710524,
           0.01780833647235632,
           0.23108941685659118
          ],
          [
           0.3891336730401219,
           0.36032317313914686,
           0.25054315382073133
          ],
          [
           0.39721839921137675,
           0.14118529142484543,
           0.46159630936377777
          ],
          [
           0.1933758146097718,
           0.09359459896704632,
           0.7130295864231818
          ],
          [
           0.05672110719129427,
           0.6673372384823942,
           0.2759416543263115
          ],
          [
           0.2528580541203691,
           0.579153980641107,
           0.16798796523852386
          ],
          [
           0.14717190355563112,
           0.44363169973143285,
           0.40919639671293606
          ],
          [
           0.6439962246028772,
           0.04339597228866072,
           0.3126078031084621
          ],
          [
           0.279838894910566,
           0.43977015229061,
           0.28039095279882387
          ],
          [
           0.2371665160318854,
           0.2820383083253245,
           0.48079517564279
          ],
          [
           0.3592556768702151,
           0.3522163414359938,
           0.2885279816937911
          ],
          [
           0.22633681251807766,
           0.27472209927151453,
           0.49894108821040783
          ],
          [
           0.38124435040953314,
           0.032354148040459364,
           0.5864015015500076
          ],
          [
           0.8588281887393856,
           0.11704303073522021,
           0.024128780525394182
          ],
          [
           0.7818559913169378,
           0.18525110714580595,
           0.03289290153725624
          ],
          [
           0.4431526442024575,
           0.16030463889928362,
           0.39654271689825893
          ],
          [
           0.2741557798696836,
           0.3604274221339319,
           0.36541679799638455
          ],
          [
           0.4899514573718755,
           0.06844000652712005,
           0.4416085361010044
          ],
          [
           0.5358777090765782,
           0.38835938350504473,
           0.07576290741837696
          ],
          [
           0.606801145371787,
           0.07979629551847038,
           0.3134025591097427
          ],
          [
           0.4121242162203156,
           0.3881712489222227,
           0.19970453485746173
          ],
          [
           0.05654720423419307,
           0.4272624905689263,
           0.5161903051968806
          ],
          [
           0.43299197525750144,
           0.07043105567724045,
           0.4965769690652581
          ],
          [
           0.16507744690648915,
           0.07534268335329772,
           0.7595798697402131
          ],
          [
           0.5059882450532136,
           0.316392007357279,
           0.17761974758950758
          ],
          [
           0.1724823254496004,
           0.24382283915461617,
           0.5836948353957835
          ],
          [
           0.3662640919118773,
           0.11029310903993542,
           0.5234427990481872
          ],
          [
           0.49286420085260285,
           0.06932587491802208,
           0.43780992422937515
          ],
          [
           0.2241769537860038,
           0.45887806555467564,
           0.31694498065932053
          ],
          [
           0.3288857130211579,
           0.11622513605483555,
           0.5548891509240065
          ],
          [
           0.3375284635064825,
           0.0685149670726036,
           0.5939565694209139
          ],
          [
